1
#NodeInfo:
I0.n9_4	1.040491e+000
CAP	0.000000e+000
W_D	0.000000e+000
W_A	0.000000e+000
R_A	0.000000e+000
out	5.000000e+000
R_D	4.901785e+000
Q0:5	1.581098e-011
Q0:6	4.901785e+000
Q0:7	5.000000e+000
V0:3	0.000000e+000
V1:3	0.000000e+000
V2:3	0.000000e+000
V3:3	-7.478658e-011
#PinInfo:
I0.C0:1	0.000000e+000
I0.C0:2	-0.000000e+000
I0.M0:1	1.862369e-009
I0.M0:2	2.051583e-009
I0.M0:3	-1.780107e-012
I0.M0:4	-3.912172e-009
I0.M1:1	1.856728e-009
I0.M1:2	-1.036617e-009
I0.M1:3	7.120957e-009
I0.M1:4	-7.941068e-009
I0.M5:1	-2.077371e-017
I0.M5:2	2.707092e-009
I0.M5:3	-2.077371e-017
I0.M5:4	-2.707092e-009
Q0:1	-6.602297e-011
Q0:2	2.130741e-004
Q0:3	7.469349e-011
Q0:4	0.000000e+000
V0:1	0.000000e+000
V0:2	-0.000000e+000
V1:1	0.000000e+000
V1:2	-0.000000e+000
V2:1	0.000000e+000
V2:2	-0.000000e+000
V3:1	-7.478658e-011
V3:2	7.478658e-011
