1
#NodeInfo:
I0.I3.n2_4	2.027224e-008
I0.I2.n2_4	4.357663e+000
I0.I1.n2_4	6.461474e-009
I0.n2_3	5.000000e+000
I0.I0.n2_4	1.064020e+000
I0.n1_2	0.000000e+000
I0.n1_3	5.000000e+000
R	0.000000e+000
S	5.000000e+000
vdd!	5.000000e+000
n10_1	4.054447e-008
Q	5.000000e+000
V0:3	-6.146595e-011
V1:3	0.000000e+000
V2:3	0.000000e+000
#PinInfo:
C0:1	2.500000e-007
C0:2	-2.500000e-007
C1:1	2.027224e-015
C1:2	-2.027224e-015
I0.I0.M0:1	3.319339e-008
I0.I0.M0:2	-7.236823e-008
I0.I0.M0:3	3.320232e-008
I0.I0.M0:4	5.972518e-009
I0.I0.M1:1	1.899902e-009
I0.I0.M1:2	2.036760e-009
I0.I0.M1:3	-1.807730e-012
I0.I0.M1:4	-3.934854e-009
I0.I0.M2:1	7.241458e-009
I0.I0.M2:2	-1.113318e-009
I0.I0.M2:3	1.894159e-009
I0.I0.M2:4	-8.022299e-009
I0.I0.M3:1	3.320232e-008
I0.I0.M3:2	-7.236823e-008
I0.I0.M3:3	3.319339e-008
I0.I0.M3:4	5.972518e-009
I0.I1.M0:1	-8.940906e-017
I0.I1.M0:2	-4.485988e-009
I0.I1.M0:3	1.637679e-017
I0.I1.M0:4	4.485988e-009
I0.I1.M1:1	-2.164964e-008
I0.I1.M1:2	4.693163e-008
I0.I1.M1:3	-2.166313e-008
I0.I1.M1:4	-3.618862e-009
I0.I1.M2:1	7.244271e-009
I0.I1.M2:2	-4.429078e-010
I0.I1.M2:3	-6.748650e-012
I0.I1.M2:4	-6.794614e-009
I0.I1.M3:1	3.320960e-008
I0.I1.M3:2	-7.236823e-008
I0.I1.M3:3	3.318610e-008
I0.I1.M3:4	5.972519e-009
I0.I2.M0:1	3.317825e-008
I0.I2.M0:2	-7.236823e-008
I0.I2.M0:3	3.321746e-008
I0.I2.M0:4	5.972519e-009
I0.I2.M1:1	6.448028e-009
I0.I2.M1:2	-3.823506e-011
I0.I2.M1:3	-5.890356e-012
I0.I2.M1:4	-6.403903e-009
I0.I2.M2:1	4.102128e-009
I0.I2.M2:2	8.933982e-009
I0.I2.M2:3	3.277531e-009
I0.I2.M2:4	-1.631364e-008
I0.I2.M3:1	2.374486e-017
I0.I2.M3:2	-4.485988e-009
I0.I2.M3:3	-1.492053e-016
I0.I2.M3:4	4.485988e-009
I0.I3.M0:1	-1.185612e-008
I0.I3.M0:2	-8.615082e-010
I0.I3.M0:3	5.585764e-012
I0.I3.M0:4	1.271204e-008
I0.I3.M1:1	-2.163521e-008
I0.I3.M1:2	4.693163e-008
I0.I3.M1:3	-2.167756e-008
I0.I3.M1:4	-3.618862e-009
I0.I3.M2:1	-2.163521e-008
I0.I3.M2:2	4.693163e-008
I0.I3.M2:3	-2.167756e-008
I0.I3.M2:4	-3.618862e-009
I0.I3.M3:1	5.585777e-012
I0.I3.M3:2	-8.615083e-010
I0.I3.M3:3	-1.185612e-008
I0.I3.M3:4	1.271205e-008
V0:1	-6.146595e-011
V0:2	6.146595e-011
V1:1	0.000000e+000
V1:2	-0.000000e+000
V2:1	0.000000e+000
V2:2	-0.000000e+000
