1
#NodeInfo:
I4.I3.n2_4	2.027224e-008
I4.I2.n2_4	4.357662e+000
I4.I1.n2_4	1.064020e+000
I4.n2_2	1.013612e-008
I4.n2_3	5.000000e+000
I4.I0.n2_4	4.357663e+000
I4.n1_3	5.000000e+000
d	5.000000e+000
CLK	0.000000e+000
vdd!	5.000000e+000
Q	5.000000e+000
n8_1	4.054447e-008
V0:3	-7.991047e-011
V1:3	0.000000e+000
V2:3	0.000000e+000
#PinInfo:
C0:1	2.027224e-015
C0:2	-2.027224e-015
C1:1	2.500000e-007
C1:2	-2.500000e-007
I4.I0.M0:1	3.317825e-008
I4.I0.M0:2	-7.236823e-008
I4.I0.M0:3	3.321746e-008
I4.I0.M0:4	5.972519e-009
I4.I0.M1:1	6.448028e-009
I4.I0.M1:2	-3.823521e-011
I4.I0.M1:3	-5.890328e-012
I4.I0.M1:4	-6.403903e-009
I4.I0.M2:1	4.102128e-009
I4.I0.M2:2	8.933982e-009
I4.I0.M2:3	3.277531e-009
I4.I0.M2:4	-1.631364e-008
I4.I0.M3:1	1.657158e-017
I4.I0.M3:2	-4.485988e-009
I4.I0.M3:3	-1.563786e-016
I4.I0.M3:4	4.485988e-009
I4.I1.M0:1	3.319339e-008
I4.I1.M0:2	-7.236823e-008
I4.I1.M0:3	3.320232e-008
I4.I1.M0:4	5.972518e-009
I4.I1.M1:1	1.899902e-009
I4.I1.M1:2	2.036760e-009
I4.I1.M1:3	-1.807736e-012
I4.I1.M1:4	-3.934854e-009
I4.I1.M2:1	7.241458e-009
I4.I1.M2:2	-1.113317e-009
I4.I1.M2:3	1.894159e-009
I4.I1.M2:4	-8.022299e-009
I4.I1.M3:1	3.320232e-008
I4.I1.M3:2	-7.236823e-008
I4.I1.M3:3	3.319339e-008
I4.I1.M3:4	5.972518e-009
I4.I2.M0:1	3.317825e-008
I4.I2.M0:2	-7.236823e-008
I4.I2.M0:3	3.321746e-008
I4.I2.M0:4	5.972519e-009
I4.I2.M1:1	6.448028e-009
I4.I2.M1:2	-3.823504e-011
I4.I2.M1:3	-5.890356e-012
I4.I2.M1:4	-6.403903e-009
I4.I2.M2:1	4.102128e-009
I4.I2.M2:2	8.933982e-009
I4.I2.M2:3	3.277531e-009
I4.I2.M2:4	-1.631364e-008
I4.I2.M3:1	4.804855e-017
I4.I2.M3:2	-4.485988e-009
I4.I2.M3:3	-1.249017e-016
I4.I2.M3:4	4.485988e-009
I4.I3.M0:1	-1.185612e-008
I4.I3.M0:2	-8.615081e-010
I4.I3.M0:3	5.585752e-012
I4.I3.M0:4	1.271204e-008
I4.I3.M1:1	-2.163521e-008
I4.I3.M1:2	4.693163e-008
I4.I3.M1:3	-2.167756e-008
I4.I3.M1:4	-3.618862e-009
I4.I3.M2:1	-2.163521e-008
I4.I3.M2:2	4.693163e-008
I4.I3.M2:3	-2.167756e-008
I4.I3.M2:4	-3.618862e-009
I4.I3.M3:1	5.585777e-012
I4.I3.M3:2	-8.615083e-010
I4.I3.M3:3	-1.185612e-008
I4.I3.M3:4	1.271205e-008
I4.I4.M2:1	-2.164580e-008
I4.I4.M2:2	4.693163e-008
I4.I4.M2:3	-2.166697e-008
I4.I4.M2:4	-3.618862e-009
I4.I4.M3:1	-1.185612e-008
I4.I4.M3:2	-8.615081e-010
I4.I4.M3:3	5.585745e-012
I4.I4.M3:4	1.271204e-008
V0:1	-7.991047e-011
V0:2	7.991047e-011
V1:1	0.000000e+000
V1:2	-0.000000e+000
V2:1	0.000000e+000
V2:2	-0.000000e+000
