1
#NodeInfo:
I0.n37_1	3.147827e-008
I0.n11_4	6.295655e-008
I0.n33_1	4.396452e-009
I0.n31_4	3.500000e+000
I0.n29_1	1.376159e-008
I0.n25_1	4.396454e-009
I0.n9_1	3.500000e+000
I0.clka	3.500000e+000
I0.clkb	6.880796e-009
SETB	3.500000e+000
RSTB	3.500000e+000
D	3.500000e+000
CLK	3.500000e+000
vdd!	3.500000e+000
q2	3.500000e+000
Q	2.752318e-008
q1	7.745351e-008
V0:3	-8.674978e-011
V1:3	0.000000e+000
V2:3	-1.226083e-011
V3:3	0.000000e+000
V4:3	0.000000e+000
#PinInfo:
C0:1	7.745351e-015
C0:2	-7.745351e-015
C1:1	2.752318e-015
C1:2	-2.752318e-015
C2:1	3.500000e-007
C2:2	-3.500000e-007
I0.M0:1	-8.891228e-009
I0.M0:2	-1.948852e-009
I0.M0:3	3.980488e-012
I0.M0:4	1.083610e-008
I0.M1:1	-1.454987e-008
I0.M1:2	3.273348e-008
I0.M1:3	-1.456483e-008
I0.M1:4	-3.618772e-009
I0.M10:1	2.225578e-008
I0.M10:2	-5.050055e-008
I0.M10:3	2.227234e-008
I0.M10:4	5.972429e-009
I0.M11:1	5.352189e-009
I0.M11:2	5.020922e-010
I0.M11:3	-4.780024e-012
I0.M11:4	-5.849501e-009
I0.M12:1	2.224528e-008
I0.M12:2	-5.050054e-008
I0.M12:3	2.228284e-008
I0.M12:4	5.972429e-009
I0.M13:1	-1.626944e-016
I0.M13:2	-4.485988e-009
I0.M13:3	1.658995e-017
I0.M13:4	4.485988e-009
I0.M14:1	5.352188e-009
I0.M14:2	5.020925e-010
I0.M14:3	-4.780061e-012
I0.M14:4	-5.849501e-009
I0.M15:1	-1.455257e-008
I0.M15:2	3.273348e-008
I0.M15:3	-1.456213e-008
I0.M15:4	-3.618772e-009
I0.M16:1	-8.891228e-009
I0.M16:2	-1.948852e-009
I0.M16:3	3.980534e-012
I0.M16:4	1.083610e-008
I0.M17:1	-8.891228e-009
I0.M17:2	-1.948852e-009
I0.M17:3	3.980488e-012
I0.M17:4	1.083610e-008
I0.M18:1	-1.454239e-008
I0.M18:2	3.273348e-008
I0.M18:3	-1.457232e-008
I0.M18:4	-3.618772e-009
I0.M19:1	-1.454239e-008
I0.M19:2	3.273348e-008
I0.M19:3	-1.457232e-008
I0.M19:4	-3.618772e-009
I0.M2:1	-4.779857e-012
I0.M2:2	5.020922e-010
I0.M2:3	5.352189e-009
I0.M2:4	-5.849501e-009
I0.M20:1	-9.805329e-017
I0.M20:2	-4.485988e-009
I0.M20:3	1.640194e-017
I0.M20:4	4.485988e-009
I0.M21:1	2.225228e-008
I0.M21:2	-5.050055e-008
I0.M21:3	2.227584e-008
I0.M21:4	5.972429e-009
I0.M22:1	5.352188e-009
I0.M22:2	5.020923e-010
I0.M22:3	-4.780028e-012
I0.M22:4	-5.849501e-009
I0.M23:1	-1.455257e-008
I0.M23:2	3.273348e-008
I0.M23:3	-1.456213e-008
I0.M23:4	-3.618772e-009
I0.M24:1	-8.891228e-009
I0.M24:2	-1.948852e-009
I0.M24:3	3.980488e-012
I0.M24:4	1.083610e-008
I0.M25:1	-8.891228e-009
I0.M25:2	-1.948852e-009
I0.M25:3	3.980521e-012
I0.M25:4	1.083610e-008
I0.M26:1	-1.452313e-008
I0.M26:2	3.273348e-008
I0.M26:3	-1.459158e-008
I0.M26:4	-3.618772e-009
I0.M27:1	-1.452313e-008
I0.M27:2	3.273348e-008
I0.M27:3	-1.459158e-008
I0.M27:4	-3.618772e-009
I0.M3:1	-8.891228e-009
I0.M3:2	-1.948852e-009
I0.M3:3	3.980503e-012
I0.M3:4	1.083610e-008
I0.M4:1	3.142408e-009
I0.M4:2	7.231101e-009
I0.M4:3	3.142409e-009
I0.M4:4	-1.351592e-008
I0.M5:1	2.225706e-008
I0.M5:2	-5.050055e-008
I0.M5:3	2.227106e-008
I0.M5:4	5.972429e-009
I0.M6:1	-1.457311e-008
I0.M6:2	3.273348e-008
I0.M6:3	-1.454159e-008
I0.M6:4	-3.618772e-009
I0.M7:1	-6.350112e-009
I0.M7:2	-1.182785e-008
I0.M7:3	-6.350112e-009
I0.M7:4	2.452808e-008
I0.M8:1	5.347409e-009
I0.M8:2	-1.703185e-009
I0.M8:3	5.347408e-009
I0.M8:4	-8.991632e-009
I0.M9:1	-7.759700e-017
I0.M9:2	-4.485988e-009
I0.M9:3	-2.126172e-016
I0.M9:4	4.485988e-009
V0:1	-8.674978e-011
V0:2	8.674978e-011
V1:1	0.000000e+000
V1:2	-0.000000e+000
V2:1	-1.226083e-011
V2:2	1.226083e-011
V3:1	0.000000e+000
V3:2	-0.000000e+000
V4:1	0.000000e+000
V4:2	-0.000000e+000
