1
#NodeInfo:
I0.n9_3	8.284111e-017
I0.n7_4	3.500000e+000
I0.n5_4	3.500000e+000
I0.n26_1	7.042122e-001
I0.n24_1	2.988101e+000
I0.n7_2	0.000000e+000
I0.n21_1	2.988101e+000
I0.n19_1	4.396451e-009
I0.n6_4	3.500000e+000
I0.n13_2	6.880797e-009
I0.n12_1	3.500000e+000
I0.n3_4	3.500000e+000
I0.n10_4	3.500000e+000
I0.n9_4	8.284111e-017
I0.n10_1	3.500000e+000
I0.n1_4	6.880796e-009
D	3.500000e+000
C	3.500000e+000
vdd!	3.500000e+000
Q	6.880797e-009
nQ	3.500000e+000
V0:3	-8.080452e-011
V1:3	0.000000e+000
V2:3	0.000000e+000
#PinInfo:
C0:1	3.500000e-007
C0:2	-3.500000e-007
C1:1	6.880797e-016
C1:2	-6.880797e-016
I0.M0:1	-8.891228e-009
I0.M0:2	-1.948852e-009
I0.M0:3	3.980488e-012
I0.M0:4	1.083610e-008
I0.M1:1	-1.454987e-008
I0.M1:2	3.273348e-008
I0.M1:3	-1.456483e-008
I0.M1:4	-3.618772e-009
I0.M10:1	2.224415e-008
I0.M10:2	-5.050055e-008
I0.M10:3	2.228397e-008
I0.M10:4	5.972429e-009
I0.M11:1	-3.425168e-016
I0.M11:2	-4.485988e-009
I0.M11:3	3.155690e-017
I0.M11:4	4.485988e-009
I0.M12:1	2.226406e-008
I0.M12:2	-5.050055e-008
I0.M12:3	2.226406e-008
I0.M12:4	5.972428e-009
I0.M15:1	-8.891228e-009
I0.M15:2	-1.948853e-009
I0.M15:3	3.980559e-012
I0.M15:4	1.083610e-008
I0.M16:1	2.225578e-008
I0.M16:2	-5.050055e-008
I0.M16:3	2.227234e-008
I0.M16:4	5.972429e-009
I0.M17:1	-8.891228e-009
I0.M17:2	-1.948853e-009
I0.M17:3	3.980559e-012
I0.M17:4	1.083610e-008
I0.M18:1	5.352188e-009
I0.M18:2	5.020923e-010
I0.M18:3	-4.780014e-012
I0.M18:4	-5.849501e-009
I0.M19:1	-1.455257e-008
I0.M19:2	3.273348e-008
I0.M19:3	-1.456213e-008
I0.M19:4	-3.618772e-009
I0.M2:1	2.225578e-008
I0.M2:2	-5.050055e-008
I0.M2:3	2.227234e-008
I0.M2:4	5.972429e-009
I0.M20:1	3.152520e-009
I0.M20:2	7.553617e-009
I0.M20:3	2.456971e-009
I0.M20:4	-1.316311e-008
I0.M21:1	4.676217e-009
I0.M21:2	8.245884e-010
I0.M21:3	-4.134820e-012
I0.M21:4	-5.496671e-009
I0.M22:1	-1.455735e-008
I0.M22:2	3.273348e-008
I0.M22:3	-1.455735e-008
I0.M22:4	-3.618772e-009
I0.M23:1	3.152520e-009
I0.M23:2	7.553617e-009
I0.M23:3	2.456971e-009
I0.M23:4	-1.316311e-008
I0.M24:1	4.676217e-009
I0.M24:2	8.245884e-010
I0.M24:3	-4.134820e-012
I0.M24:4	-5.496671e-009
I0.M25:1	5.350204e-009
I0.M25:2	5.838814e-011
I0.M25:3	1.305809e-009
I0.M25:4	-6.714402e-009
I0.M26:1	1.309992e-009
I0.M26:2	2.263438e-009
I0.M26:3	-1.387234e-012
I0.M26:4	-3.572043e-009
I0.M29:1	-1.454987e-008
I0.M29:2	3.273348e-008
I0.M29:3	-1.456483e-008
I0.M29:4	-3.618772e-009
I0.M3:1	5.352189e-009
I0.M3:2	5.020922e-010
I0.M3:3	-4.780024e-012
I0.M3:4	-5.849501e-009
I0.M30:1	5.352189e-009
I0.M30:2	5.020922e-010
I0.M30:3	-4.780024e-012
I0.M30:4	-5.849501e-009
I0.M31:1	-1.454987e-008
I0.M31:2	3.273348e-008
I0.M31:3	-1.456483e-008
I0.M31:4	-3.618772e-009
I0.M4:1	-1.748371e-016
I0.M4:2	-4.485988e-009
I0.M4:3	1.662526e-017
I0.M4:4	4.485988e-009
I0.M5:1	-3.786192e-016
I0.M5:2	-4.485988e-009
I0.M5:3	-1.538973e-016
I0.M5:4	4.485989e-009
I0.M6:1	2.224217e-008
I0.M6:2	-5.050055e-008
I0.M6:3	2.228595e-008
I0.M6:4	5.972429e-009
I0.M7:1	2.224217e-008
I0.M7:2	-5.050054e-008
I0.M7:3	2.228595e-008
I0.M7:4	5.972429e-009
I0.M8:1	-2.537136e-009
I0.M8:2	4.005215e-008
I0.M8:3	-2.537136e-009
I0.M8:4	-3.497788e-008
I0.M9:1	2.224415e-008
I0.M9:2	-5.050054e-008
I0.M9:3	2.228397e-008
I0.M9:4	5.972429e-009
V0:1	-8.080452e-011
V0:2	8.080452e-011
V1:1	0.000000e+000
V1:2	-0.000000e+000
V2:1	0.000000e+000
V2:2	-0.000000e+000
