1
#NodeInfo:
I9.n2_4	1.309837e-008
I8.n4_1	2.557018e+000
I7.n12_4	3.237031e+000
I7.n11_4	2.796449e+000
I7.n22_1	1.129851e-009
n30_3	2.619674e-008
n27_3	2.713704e-009
n30_1	3.300000e+000
I10.n4_1	2.557018e+000
n29_1	3.300000e+000
D	3.300000e+000
C	3.300000e+000
B	3.300000e+000
A	3.300000e+000
vdd!	3.300000e+000
out_2	2.713704e-009
out	3.389554e-009
V0:3	-4.760235e-011
V1:3	0.000000e+000
V2:3	0.000000e+000
V3:3	0.000000e+000
V4:3	0.000000e+000
#PinInfo:
C0:1	3.389554e-016
C0:2	-3.389554e-016
C1:1	2.713704e-016
C1:2	-2.713704e-016
I10.M0:1	-1.360789e-008
I10.M0:2	3.084039e-008
I10.M0:3	-1.361374e-008
I10.M0:4	-3.618760e-009
I10.M1:1	-1.360789e-008
I10.M1:2	3.084039e-008
I10.M1:3	-1.361374e-008
I10.M1:4	-3.618760e-009
I10.M2:1	-8.475055e-009
I10.M2:2	-1.555161e-009
I10.M2:3	-2.405205e-009
I10.M2:4	1.243542e-008
I10.M3:1	-2.408833e-009
I10.M3:2	-3.947404e-009
I10.M3:3	1.070829e-012
I10.M3:4	6.355165e-009
I12.M2:1	5.090275e-009
I12.M2:2	6.280922e-010
I12.M2:3	-4.526471e-012
I12.M2:4	-5.713841e-009
I12.M3:1	2.079839e-008
I12.M3:2	-4.758485e-008
I12.M3:3	2.081404e-008
I12.M3:4	5.972417e-009
I13.M2:1	5.090275e-009
I13.M2:2	6.280923e-010
I13.M2:3	-4.526487e-012
I13.M2:4	-5.713841e-009
I13.M3:1	2.079839e-008
I13.M3:2	-4.758485e-008
I13.M3:3	2.081404e-008
I13.M3:4	5.972417e-009
I7.M0:1	-1.360716e-008
I7.M0:2	3.084039e-008
I7.M0:3	-1.361447e-008
I7.M0:4	-3.618760e-009
I7.M1:1	-1.360838e-008
I7.M1:2	3.084039e-008
I7.M1:3	-1.361325e-008
I7.M1:4	-3.618760e-009
I7.M10:1	-1.702249e-009
I7.M10:2	-4.075313e-009
I7.M10:3	-2.362815e-010
I7.M10:4	6.013843e-009
I7.M11:1	-8.475294e-009
I7.M11:2	-1.728752e-009
I7.M11:3	-1.698987e-009
I7.M11:4	1.190303e-008
I7.M2:1	-1.360959e-008
I7.M2:2	3.084039e-008
I7.M2:3	-1.361203e-008
I7.M2:4	-3.618760e-009
I7.M3:1	-1.360959e-008
I7.M3:2	3.084039e-008
I7.M3:3	-1.361203e-008
I7.M3:4	-3.618760e-009
I7.M8:1	-1.702604e-009
I7.M8:2	-4.120966e-009
I7.M8:3	8.202169e-013
I7.M8:4	5.822750e-009
I7.M9:1	-2.370862e-010
I7.M9:2	-4.440342e-009
I7.M9:3	3.393918e-013
I7.M9:4	4.677089e-009
I8.M0:1	-1.360789e-008
I8.M0:2	3.084039e-008
I8.M0:3	-1.361374e-008
I8.M0:4	-3.618760e-009
I8.M1:1	-1.360789e-008
I8.M1:2	3.084039e-008
I8.M1:3	-1.361374e-008
I8.M1:4	-3.618760e-009
I8.M2:1	-8.475055e-009
I8.M2:2	-1.555161e-009
I8.M2:3	-2.405205e-009
I8.M2:4	1.243542e-008
I8.M3:1	-2.408833e-009
I8.M3:2	-3.947403e-009
I8.M3:3	1.070815e-012
I8.M3:4	6.355165e-009
I9.M0:1	-8.476265e-009
I9.M0:2	-2.093831e-009
I9.M0:3	3.767732e-012
I9.M0:4	1.056633e-008
I9.M1:1	-1.359668e-008
I9.M1:2	3.084039e-008
I9.M1:3	-1.362495e-008
I9.M1:4	-3.618760e-009
I9.M2:1	-1.359668e-008
I9.M2:2	3.084039e-008
I9.M2:3	-1.362495e-008
I9.M2:4	-3.618760e-009
I9.M3:1	3.767746e-012
I9.M3:2	-2.093831e-009
I9.M3:3	-8.476265e-009
I9.M3:4	1.056633e-008
V0:1	-4.760235e-011
V0:2	4.760235e-011
V1:1	0.000000e+000
V1:2	-0.000000e+000
V2:1	0.000000e+000
V2:2	-0.000000e+000
V3:1	0.000000e+000
V3:2	-0.000000e+000
V4:1	0.000000e+000
V4:2	-0.000000e+000
