1
#NodeInfo:
I0.n2_4	0.000000e+000
out	0.000000e+000
W_D	0.000000e+000
W_A	0.000000e+000
R_A	0.000000e+000
V0:3	0.000000e+000
V1:3	0.000000e+000
V2:3	0.000000e+000
#PinInfo:
I0.C0:1	0.000000e+000
I0.C0:2	-0.000000e+000
I0.M0:1	-2.077371e-017
I0.M0:2	2.707092e-009
I0.M0:3	-2.077371e-017
I0.M0:4	-2.707092e-009
I0.M1:1	-2.077371e-017
I0.M1:2	2.707092e-009
I0.M1:3	-2.077371e-017
I0.M1:4	-2.707092e-009
I0.M2:1	-2.077371e-017
I0.M2:2	2.707092e-009
I0.M2:3	-2.077371e-017
I0.M2:4	-2.707092e-009
V0:1	0.000000e+000
V0:2	-0.000000e+000
V1:1	0.000000e+000
V1:2	-0.000000e+000
V2:1	0.000000e+000
V2:2	-0.000000e+000
