1
#NodeInfo:
I0.n12_3	2.643967e-001
I0.n7_4	3.500000e+000
I0.n5_4	6.880796e-009
I0.n9_2	3.500000e+000
I0.n3_4	2.634454e-008
vdd!	3.500000e+000
B	3.500000e+000
A	3.500000e+000
out_and2	6.880797e-009
V0:3	0.000000e+000
V1:3	0.000000e+000
V2:3	-5.888607e-011
#PinInfo:
C0:1	6.880797e-016
C0:2	-6.880797e-016
I0.M0:1	-8.891228e-009
I0.M0:2	-1.948852e-009
I0.M0:3	3.980488e-012
I0.M0:4	1.083610e-008
I0.M1:1	-1.452871e-008
I0.M1:2	3.273348e-008
I0.M1:3	-1.458600e-008
I0.M1:4	-3.618772e-009
I0.M10:1	2.224290e-008
I0.M10:2	-5.050054e-008
I0.M10:3	2.228522e-008
I0.M10:4	5.972429e-009
I0.M11:1	3.142408e-009
I0.M11:2	7.231101e-009
I0.M11:3	3.142408e-009
I0.M11:4	-1.351592e-008
I0.M2:1	-8.891228e-009
I0.M2:2	-1.948852e-009
I0.M2:3	3.980488e-012
I0.M2:4	1.083610e-008
I0.M3:1	-1.454987e-008
I0.M3:2	3.273348e-008
I0.M3:3	-1.456483e-008
I0.M3:4	-3.618772e-009
I0.M4:1	2.223112e-008
I0.M4:2	-5.050055e-008
I0.M4:3	2.229700e-008
I0.M4:4	5.972429e-009
I0.M5:1	5.352188e-009
I0.M5:2	5.020923e-010
I0.M5:3	-4.780037e-012
I0.M5:4	-5.849501e-009
I0.M6:1	-8.891228e-009
I0.M6:2	-1.948853e-009
I0.M6:3	3.980584e-012
I0.M6:4	1.083610e-008
I0.M7:1	-1.454987e-008
I0.M7:2	3.273348e-008
I0.M7:3	-1.456483e-008
I0.M7:4	-3.618772e-009
I0.M8:1	3.979987e-012
I0.M8:2	-1.948852e-009
I0.M8:3	-8.891228e-009
I0.M8:4	1.083610e-008
I0.M9:1	5.177933e-009
I0.M9:2	5.014852e-011
I0.M9:3	-4.411422e-010
I0.M9:4	-4.786939e-009
V0:1	0.000000e+000
V0:2	-0.000000e+000
V1:1	0.000000e+000
V1:2	-0.000000e+000
V2:1	-5.888607e-011
V2:2	5.888607e-011
