1
#NodeInfo:
I0.n7_4	2.707606e+000
I0.n5_4	5.549469e-001
I0.n26_1	1.112721e+000
I0.n24_1	2.021370e-009
I0.n21_1	9.781152e-016
I0.n19_1	1.746696e-008
I0.n6_4	3.493392e-008
I0.n13_2	1.346715e+000
I0.n12_1	2.452820e+000
I0.n3_4	6.880796e-009
I0.n10_4	1.394577e+000
I0.n7_2	3.500000e+000
I0.n10_1	3.052201e+000
I0.n1_4	3.500000e+000
vdd!	3.500000e+000
D	3.500000e+000
C	0.000000e+000
Q	1.346715e+000
nQ	2.289069e+000
V0:3	0.000000e+000
V1:3	0.000000e+000
V3:3	-9.237676e-004
#PinInfo:
C0:1	3.433603e-007
C0:2	-3.433603e-007
C1:1	2.020073e-007
C1:2	-2.020073e-007
I0.M0:1	2.225578e-008
I0.M0:2	-5.050055e-008
I0.M0:3	2.227234e-008
I0.M0:4	5.972429e-009
I0.M1:1	5.352189e-009
I0.M1:2	5.020922e-010
I0.M1:3	-4.780019e-012
I0.M1:4	-5.849501e-009
I0.M10:1	-1.530882e-009
I0.M10:2	-4.161380e-009
I0.M10:3	7.619022e-013
I0.M10:4	5.691500e-009
I0.M11:1	-2.156181e-004
I0.M11:2	-2.938176e-008
I0.M11:3	2.156298e-004
I0.M11:4	1.768568e-008
I0.M12:1	-2.156170e-004
I0.M12:2	-2.516735e-008
I0.M12:3	2.156315e-004
I0.M12:4	1.067176e-008
I0.M15:1	-2.391848e-004
I0.M15:2	-2.374837e-008
I0.M15:3	2.391960e-004
I0.M15:4	1.255711e-008
I0.M16:1	-2.297708e-004
I0.M16:2	-2.498025e-008
I0.M16:3	2.297847e-004
I0.M16:4	1.101526e-008
I0.M17:1	-2.391848e-004
I0.M17:2	-2.374837e-008
I0.M17:3	2.391960e-004
I0.M17:4	1.255711e-008
I0.M18:1	-1.453836e-008
I0.M18:2	3.273348e-008
I0.M18:3	-1.457634e-008
I0.M18:4	-3.618772e-009
I0.M19:1	-1.453836e-008
I0.M19:2	3.273348e-008
I0.M19:3	-1.457634e-008
I0.M19:4	-3.618772e-009
I0.M2:1	-8.891228e-009
I0.M2:2	-1.948852e-009
I0.M2:3	3.980503e-012
I0.M2:4	1.083610e-008
I0.M20:1	5.890225e-017
I0.M20:2	2.707092e-009
I0.M20:3	-2.173102e-017
I0.M20:4	-2.707092e-009
I0.M21:1	-1.455735e-008
I0.M21:2	3.273348e-008
I0.M21:3	-1.455735e-008
I0.M21:4	-3.618772e-009
I0.M22:1	5.352188e-009
I0.M22:2	5.020923e-010
I0.M22:3	-4.780042e-012
I0.M22:4	-5.849501e-009
I0.M23:1	2.414645e-009
I0.M23:2	1.828509e-009
I0.M23:3	-2.197732e-012
I0.M23:4	-4.240956e-009
I0.M24:1	-1.455516e-008
I0.M24:2	3.273348e-008
I0.M24:3	-1.455955e-008
I0.M24:4	-3.618772e-009
I0.M25:1	2.156155e-004
I0.M25:2	2.111026e-008
I0.M25:3	-2.156278e-004
I0.M25:4	-8.781865e-009
I0.M26:1	2.156204e-004
I0.M26:2	1.015779e-008
I0.M26:3	-2.156248e-004
I0.M26:4	-5.724871e-009
I0.M29:1	2.391855e-004
I0.M29:2	1.038287e-008
I0.M29:3	-2.391898e-004
I0.M29:4	-5.987473e-009
I0.M3:1	-1.454987e-008
I0.M3:2	3.273348e-008
I0.M3:3	-1.456483e-008
I0.M3:4	-3.618772e-009
I0.M30:1	2.297754e-004
I0.M30:2	9.435696e-009
I0.M30:3	-2.297781e-004
I0.M30:4	-6.721448e-009
I0.M31:1	2.391855e-004
I0.M31:2	1.038287e-008
I0.M31:3	-2.391898e-004
I0.M31:4	-5.987473e-009
I0.M4:1	-7.725569e-009
I0.M4:2	-2.351131e-009
I0.M4:3	3.390842e-012
I0.M4:4	1.007331e-008
I0.M5:1	-6.359393e-009
I0.M5:2	-1.223017e-008
I0.M5:3	-5.175760e-009
I0.M5:4	2.376532e-008
I0.M6:1	-2.549152e-009
I0.M6:2	-3.911585e-009
I0.M6:3	1.122577e-012
I0.M6:4	6.459615e-009
I0.M7:1	-8.889955e-009
I0.M7:2	-1.374358e-009
I0.M7:3	-2.545322e-009
I0.M7:4	1.280963e-008
I0.M8:1	2.225578e-008
I0.M8:2	-5.050055e-008
I0.M8:3	2.227234e-008
I0.M8:4	5.972429e-009
I0.M9:1	-5.860798e-009
I0.M9:2	-2.635117e-009
I0.M9:3	-1.528462e-009
I0.M9:4	1.002438e-008
V0:1	0.000000e+000
V0:2	-0.000000e+000
V1:1	0.000000e+000
V1:2	-0.000000e+000
V3:1	-9.237676e-004
V3:2	9.237676e-004
