1
#NodeInfo:
n1_2	5.000000e+000
n19_2	6.319012e-001
out	1.789055e+000
n11_2	3.517362e-001
n11_3	1.199497e+000
n3_2	1.103162e-001
n3_3	9.102933e-001
n3_1	6.702939e-001
in	6.690000e-001
Q0:5	9.073999e-001
Q0:6	6.694511e-001
Q1:5	1.196753e+000
Q1:6	9.094712e-001
Q2:5	1.785202e+000
Q2:6	1.198534e+000
V0:3	-9.996189e-003
V1:3	0.000000e+000
#PinInfo:
C0:1	-1.293917e+000
C0:2	1.293917e+000
Q0:1	9.644655e-004
Q0:2	4.115130e-005
Q0:3	-1.039425e-003
Q0:4	0.000000e+000
Q1:1	9.146250e-004
Q1:2	3.988295e-005
Q1:3	-9.881045e-004
Q1:4	0.000000e+000
Q2:1	1.284378e-003
Q2:2	4.874704e-005
Q2:3	-1.368203e-003
Q2:4	0.000000e+000
R0:1	-1.004348e-003
R0:2	1.004348e-003
R0:3	0.000000e+000
R1:1	1.005617e-003
R1:2	-1.005617e-003
R1:3	0.000000e+000
R2:1	-9.633720e-004
R2:2	9.633720e-004
R2:3	0.000000e+000
R3:1	9.545079e-004
R3:2	-9.545079e-004
R3:3	0.000000e+000
R4:1	-1.284378e-003
R4:2	1.284378e-003
R4:3	0.000000e+000
R5:1	1.333125e-003
R5:2	-1.333125e-003
R5:3	0.000000e+000
R6:1	6.702939e-003
R6:2	-6.702939e-003
R6:3	0.000000e+000
R7:1	6.744090e-003
R7:2	-6.744090e-003
R7:3	0.000000e+000
V0:1	-9.996189e-003
V0:2	9.996189e-003
V1:1	0.000000e+000
V1:2	-0.000000e+000
