1
#NodeInfo:
n22_2	1.923293e+000
n22_1	2.475695e+000
n22_3	5.000000e+000
n21_1	5.569594e-001
out	2.825373e+000
n23_1	5.600415e-001
in	6.690000e-001
Q3:5	2.822763e+000
Q3:6	5.561599e-001
Q4:5	4.997799e+000
Q4:6	2.474957e+000
Q5:5	2.472771e+000
Q5:6	5.591978e-001
V2:3	0.000000e+000
V3:3	-8.254807e-003
#PinInfo:
C1:1	1.089585e+002
C1:2	-1.089585e+002
Q3:1	8.698509e-004
Q3:2	3.850696e-005
Q3:3	-9.417441e-004
Q3:4	0.000000e+000
Q4:1	7.336095e-004
Q4:2	3.485728e-005
Q4:3	-8.012323e-004
Q4:4	0.000000e+000
Q5:1	9.748646e-004
Q5:2	4.120925e-005
Q5:3	-1.049912e-003
Q5:4	0.000000e+000
R10:1	7.684668e-004
R10:2	-7.684668e-004
R10:3	0.000000e+000
R11:1	7.299599e-004
R11:2	-7.299599e-004
R11:3	0.000000e+000
R12:1	1.009722e-003
R12:2	-1.009722e-003
R12:3	0.000000e+000
R13:1	5.641624e-003
R13:2	-5.641624e-003
R13:3	0.000000e+000
R14:1	5.600415e-003
R14:2	-5.600415e-003
R14:3	0.000000e+000
R9:1	8.698509e-004
R9:2	-8.698509e-004
R9:3	0.000000e+000
V2:1	0.000000e+000
V2:2	-0.000000e+000
V3:1	-8.254807e-003
V3:2	8.254807e-003
