1
#NodeInfo:
I0.n5_4	3.500000e+000
I0.n2_4	3.084117e+000
I0.n1_4	3.500000e+000
n1_1	0.000000e+000
vdd!	3.500000e+000
Q	6.880796e-009
V0:3	-3.549175e-011
V1:3	0.000000e+000
#PinInfo:
C0:1	1.032119e-015
C0:2	-1.032119e-015
I0.M0:1	2.225616e-008
I0.M0:2	-5.050055e-008
I0.M0:3	2.227196e-008
I0.M0:4	5.972429e-009
I0.M1:1	4.804448e-009
I0.M1:2	7.640982e-010
I0.M1:3	-4.254910e-012
I0.M1:4	-5.564291e-009
I0.M2:1	2.226014e-008
I0.M2:2	-5.050055e-008
I0.M2:3	2.226797e-008
I0.M2:4	5.972429e-009
I0.M3:1	-8.891228e-009
I0.M3:2	-1.948852e-009
I0.M3:3	3.980436e-012
I0.M3:4	1.083610e-008
I0.M4:1	5.347824e-009
I0.M4:2	-1.441142e-009
I0.M4:3	4.799777e-009
I0.M4:4	-8.706460e-009
I0.M5:1	9.308354e-008
I0.M5:2	2.352979e-007
I0.M5:3	7.667987e-008
I0.M5:4	-4.050613e-007
I0.M6:1	-8.891228e-009
I0.M6:2	-1.948852e-009
I0.M6:3	3.980509e-012
I0.M6:4	1.083610e-008
I0.M7:1	-1.454987e-008
I0.M7:2	3.273348e-008
I0.M7:3	-1.456483e-008
I0.M7:4	-3.618772e-009
V0:1	-3.549175e-011
V0:2	3.549175e-011
V1:1	0.000000e+000
V1:2	-0.000000e+000
