1
#NodeInfo:
I9.n4_1	2.557018e+000
I8.n4_1	2.557018e+000
I6.n5_1	5.427408e-009
I6.n3_4	2.557018e+000
I6.n1_4	2.557018e+000
n17_3	2.713705e-009
n16_3	2.713705e-009
n18_1	3.300000e+000
I10.n2_4	1.309837e-008
n18_2	3.300000e+000
D	3.300000e+000
C	3.300000e+000
B	3.300000e+000
A	3.300000e+000
vdd!	3.300000e+000
out2	2.619674e-008
out	1.085482e-008
V0:3	-5.322051e-011
V1:3	0.000000e+000
V2:3	0.000000e+000
V3:3	0.000000e+000
V4:3	0.000000e+000
#PinInfo:
C0:1	1.085482e-015
C0:2	-1.085482e-015
C1:1	2.619674e-015
C1:2	-2.619674e-015
I10.M0:1	-8.476265e-009
I10.M0:2	-2.093831e-009
I10.M0:3	3.767746e-012
I10.M0:4	1.056633e-008
I10.M1:1	-1.359668e-008
I10.M1:2	3.084039e-008
I10.M1:3	-1.362495e-008
I10.M1:4	-3.618760e-009
I10.M2:1	-1.359668e-008
I10.M2:2	3.084039e-008
I10.M2:3	-1.362495e-008
I10.M2:4	-3.618760e-009
I10.M3:1	3.767746e-012
I10.M3:2	-2.093831e-009
I10.M3:3	-8.476265e-009
I10.M3:4	1.056633e-008
I12.M2:1	5.090275e-009
I12.M2:2	6.280922e-010
I12.M2:3	-4.526471e-012
I12.M2:4	-5.713841e-009
I12.M3:1	2.079839e-008
I12.M3:2	-4.758485e-008
I12.M3:3	2.081404e-008
I12.M3:4	5.972417e-009
I13.M2:1	5.090275e-009
I13.M2:2	6.280922e-010
I13.M2:3	-4.526471e-012
I13.M2:4	-5.713841e-009
I13.M3:1	2.079839e-008
I13.M3:2	-4.758485e-008
I13.M3:3	2.081404e-008
I13.M3:4	5.972417e-009
I6.M0:1	-2.408833e-009
I6.M0:2	-3.947403e-009
I6.M0:3	1.070815e-012
I6.M0:4	6.355165e-009
I6.M1:1	-8.475054e-009
I6.M1:2	-1.555161e-009
I6.M1:3	-2.405205e-009
I6.M1:4	1.243542e-008
I6.M2:1	-2.408833e-009
I6.M2:2	-3.947403e-009
I6.M2:3	1.070815e-012
I6.M2:4	6.355165e-009
I6.M3:1	-8.475054e-009
I6.M3:2	-1.555161e-009
I6.M3:3	-2.405205e-009
I6.M3:4	1.243542e-008
I6.M4:1	-1.360496e-008
I6.M4:2	3.084039e-008
I6.M4:3	-1.361667e-008
I6.M4:4	-3.618760e-009
I6.M5:1	-1.360496e-008
I6.M5:2	3.084039e-008
I6.M5:3	-1.361667e-008
I6.M5:4	-3.618760e-009
I6.M6:1	-1.360496e-008
I6.M6:2	3.084039e-008
I6.M6:3	-1.361667e-008
I6.M6:4	-3.618760e-009
I6.M7:1	-1.360496e-008
I6.M7:2	3.084039e-008
I6.M7:3	-1.361667e-008
I6.M7:4	-3.618760e-009
I8.M0:1	-1.360789e-008
I8.M0:2	3.084039e-008
I8.M0:3	-1.361374e-008
I8.M0:4	-3.618760e-009
I8.M1:1	-1.360789e-008
I8.M1:2	3.084039e-008
I8.M1:3	-1.361374e-008
I8.M1:4	-3.618760e-009
I8.M2:1	-8.475055e-009
I8.M2:2	-1.555161e-009
I8.M2:3	-2.405205e-009
I8.M2:4	1.243542e-008
I8.M3:1	-2.408833e-009
I8.M3:2	-3.947403e-009
I8.M3:3	1.070815e-012
I8.M3:4	6.355165e-009
I9.M0:1	-1.360789e-008
I9.M0:2	3.084039e-008
I9.M0:3	-1.361374e-008
I9.M0:4	-3.618760e-009
I9.M1:1	-1.360789e-008
I9.M1:2	3.084039e-008
I9.M1:3	-1.361374e-008
I9.M1:4	-3.618760e-009
I9.M2:1	-8.475055e-009
I9.M2:2	-1.555161e-009
I9.M2:3	-2.405205e-009
I9.M2:4	1.243542e-008
I9.M3:1	-2.408833e-009
I9.M3:2	-3.947403e-009
I9.M3:3	1.070815e-012
I9.M3:4	6.355165e-009
V0:1	-5.322051e-011
V0:2	5.322051e-011
V1:1	0.000000e+000
V1:2	-0.000000e+000
V2:1	0.000000e+000
V2:2	-0.000000e+000
V3:1	0.000000e+000
V3:2	-0.000000e+000
V4:1	0.000000e+000
V4:2	-0.000000e+000
