1
#NodeInfo:
I0.n31_2	2.297940e-008
I0.n30_4	1.653996e-008
I0.n34_2	6.880796e-009
I0.n28_4	1.010052e-008
C	3.500000e+000
vdd!	3.500000e+000
B	3.500000e+000
A	3.500000e+000
out_xor2	3.500000e+000
V0:3	0.000000e+000
V1:3	0.000000e+000
V2:3	-4.472599e-011
V3:3	0.000000e+000
#PinInfo:
C0:1	3.500000e-007
C0:2	-3.500000e-007
I0.M0:1	-8.891228e-009
I0.M0:2	-1.948852e-009
I0.M0:3	3.980488e-012
I0.M0:4	1.083610e-008
I0.M1:1	-1.454637e-008
I0.M1:2	3.273348e-008
I0.M1:3	-1.456834e-008
I0.M1:4	-3.618772e-009
I0.M10:1	-1.454987e-008
I0.M10:2	3.273348e-008
I0.M10:3	-1.456483e-008
I0.M10:4	-3.618772e-009
I0.M11:1	-8.891228e-009
I0.M11:2	-1.948852e-009
I0.M11:3	3.980488e-012
I0.M11:4	1.083610e-008
I0.M2:1	-1.453937e-008
I0.M2:2	3.273348e-008
I0.M2:3	-1.457534e-008
I0.M2:4	-3.618772e-009
I0.M3:1	2.225578e-008
I0.M3:2	-5.050055e-008
I0.M3:3	2.227234e-008
I0.M3:4	5.972429e-009
I0.M4:1	5.352189e-009
I0.M4:2	5.020923e-010
I0.M4:3	-4.780034e-012
I0.M4:4	-5.849501e-009
I0.M5:1	-8.887248e-009
I0.M5:2	5.887295e-010
I0.M5:3	-8.887248e-009
I0.M5:4	1.718577e-008
I0.M6:1	3.324617e-017
I0.M6:2	2.707092e-009
I0.M6:3	2.219994e-020
I0.M6:4	-2.707092e-009
I0.M7:1	-6.350112e-009
I0.M7:2	-1.182785e-008
I0.M7:3	-6.350112e-009
I0.M7:4	2.452808e-008
I0.M8:1	-1.455035e-008
I0.M8:2	3.273348e-008
I0.M8:3	-1.456435e-008
I0.M8:4	-3.618772e-009
I0.M9:1	-8.891228e-009
I0.M9:2	-1.948852e-009
I0.M9:3	3.980488e-012
I0.M9:4	1.083610e-008
V0:1	0.000000e+000
V0:2	-0.000000e+000
V1:1	0.000000e+000
V1:2	-0.000000e+000
V2:1	-4.472599e-011
V2:2	4.472599e-011
V3:1	0.000000e+000
V3:2	-0.000000e+000
