1
#NodeInfo:
vdd!	3.500000e+000
IN	3.500000e+000
Out	6.880796e-009
V1:3	0.000000e+000
V2:3	-7.481068e-012
#PinInfo:
C0:1	6.880796e-016
C0:2	-6.880796e-016
I2.M2:1	-1.454987e-008
I2.M2:2	3.273348e-008
I2.M2:3	-1.456483e-008
I2.M2:4	-3.618772e-009
I2.M3:1	-8.891228e-009
I2.M3:2	-1.948852e-009
I2.M3:3	3.980488e-012
I2.M3:4	1.083610e-008
V1:1	0.000000e+000
V1:2	-0.000000e+000
V2:1	-7.481068e-012
V2:2	7.481068e-012
