1
#NodeInfo:
I0.n5_1	2.703081e-008
I0.n12_4	6.880796e-009
I0.n11_1	6.880795e-009
n15_6	6.880796e-009
n15_4	6.880796e-009
n15_5	1.884865e-008
I0.n2_1	2.973016e+000
C_in	3.500000e+000
B	3.500000e+000
A	3.500000e+000
vdd!	3.500000e+000
out_sum	3.081651e-008
c_out	6.880795e-009
V0:3	-2.244320e-011
V1:3	0.000000e+000
V2:3	-2.893268e-011
V3:3	0.000000e+000
#PinInfo:
C0:1	6.880795e-016
C0:2	-6.880795e-016
C1:1	3.081651e-015
C1:2	-3.081651e-015
I0.M0:1	3.159560e-009
I0.M0:2	7.563122e-009
I0.M0:3	2.429737e-009
I0.M0:4	-1.315242e-008
I0.M1:1	-4.115954e-012
I0.M1:2	8.340923e-010
I0.M1:3	4.656006e-009
I0.M1:4	-5.485982e-009
I0.M10:1	-1.816362e-017
I0.M10:2	2.707092e-009
I0.M10:3	-1.816362e-017
I0.M10:4	-2.707092e-009
I0.M11:1	-1.455735e-008
I0.M11:2	3.273348e-008
I0.M11:3	-1.455735e-008
I0.M11:4	-3.618772e-009
I0.M12:1	-1.816362e-017
I0.M12:2	2.707092e-009
I0.M12:3	-1.816362e-017
I0.M12:4	-2.707092e-009
I0.M2:1	5.352189e-009
I0.M2:2	5.020922e-010
I0.M2:3	-4.779965e-012
I0.M2:4	-5.849501e-009
I0.M3:1	-1.456625e-008
I0.M3:2	3.273348e-008
I0.M3:3	-1.454846e-008
I0.M3:4	-3.618772e-009
I0.M4:1	-1.456147e-008
I0.M4:2	3.273348e-008
I0.M4:3	-1.455324e-008
I0.M4:4	-3.618772e-009
I0.M5:1	4.656006e-009
I0.M5:2	8.340923e-010
I0.M5:3	-4.115928e-012
I0.M5:4	-5.485982e-009
I0.M7:1	-1.455735e-008
I0.M7:2	3.273348e-008
I0.M7:3	-1.455735e-008
I0.M7:4	-3.618772e-009
I0.M8:1	-1.062386e-017
I0.M8:2	2.707092e-009
I0.M8:3	-1.062386e-017
I0.M8:4	-2.707092e-009
I0.M9:1	-1.455735e-008
I0.M9:2	3.273348e-008
I0.M9:3	-1.455735e-008
I0.M9:4	-3.618772e-009
I10.M2:1	-1.454987e-008
I10.M2:2	3.273348e-008
I10.M2:3	-1.456483e-008
I10.M2:4	-3.618772e-009
I10.M3:1	-8.891228e-009
I10.M3:2	-1.948852e-009
I10.M3:3	3.980488e-012
I10.M3:4	1.083610e-008
I8.M2:1	-1.454987e-008
I8.M2:2	3.273348e-008
I8.M2:3	-1.456483e-008
I8.M2:4	-3.618772e-009
I8.M3:1	-8.891228e-009
I8.M3:2	-1.948852e-009
I8.M3:3	3.980488e-012
I8.M3:4	1.083610e-008
I9.M2:1	-1.453686e-008
I9.M2:2	3.273348e-008
I9.M2:3	-1.457785e-008
I9.M2:4	-3.618772e-009
I9.M3:1	-8.891228e-009
I9.M3:2	-1.948852e-009
I9.M3:3	3.980488e-012
I9.M3:4	1.083610e-008
V0:1	-2.244320e-011
V0:2	2.244320e-011
V1:1	0.000000e+000
V1:2	-0.000000e+000
V2:1	-2.893268e-011
V2:2	2.893268e-011
V3:1	0.000000e+000
V3:2	-0.000000e+000
