1
#NodeInfo:
I0.n1_1	2.064239e-008
I0.n1_4	4.128477e-008
C	3.500000e+000
B	3.500000e+000
A	3.500000e+000
vdd!	3.500000e+000
out	6.192716e-008
V0:3	-2.244320e-011
V1:3	0.000000e+000
V2:3	0.000000e+000
V3:3	0.000000e+000
#PinInfo:
C1:1	6.192716e-015
C1:2	-6.192716e-015
I0.M0:1	-1.453491e-008
I0.M0:2	3.273348e-008
I0.M0:3	-1.457980e-008
I0.M0:4	-3.618772e-009
I0.M1:1	-1.453491e-008
I0.M1:2	3.273348e-008
I0.M1:3	-1.457980e-008
I0.M1:4	-3.618772e-009
I0.M2:1	-8.891228e-009
I0.M2:2	-1.948852e-009
I0.M2:3	3.980488e-012
I0.M2:4	1.083610e-008
I0.M3:1	3.980488e-012
I0.M3:2	-1.948852e-009
I0.M3:3	-8.891228e-009
I0.M3:4	1.083610e-008
I0.M4:1	-1.453491e-008
I0.M4:2	3.273348e-008
I0.M4:3	-1.457980e-008
I0.M4:4	-3.618772e-009
I0.M5:1	-8.891228e-009
I0.M5:2	-1.948852e-009
I0.M5:3	3.980488e-012
I0.M5:4	1.083610e-008
V0:1	-2.244320e-011
V0:2	2.244320e-011
V1:1	0.000000e+000
V1:2	-0.000000e+000
V2:1	0.000000e+000
V2:2	-0.000000e+000
V3:1	0.000000e+000
V3:2	-0.000000e+000
