1
#NodeInfo:
I9.n4_1	2.105271e+000
I8.n2_4	1.144275e-008
I3.n11_1	4.714912e-009
I3.n6_1	4.714912e-009
I3.n5_4	2.105270e+000
n21_2	2.700000e+000
I12.n2_4	1.144275e-008
n24_3	2.288550e-008
n20_3	2.288550e-008
n21_1	2.700000e+000
D	2.700000e+000
C	2.700000e+000
B	2.700000e+000
A	2.700000e+000
vdd!	2.700000e+000
out2	2.357456e-009
out	9.429824e-009
V0:3	-5.069801e-011
V1:3	0.000000e+000
V2:3	0.000000e+000
V3:3	0.000000e+000
V4:3	0.000000e+000
#PinInfo:
C0:1	9.429824e-016
C0:2	-9.429824e-016
C1:1	2.357456e-016
C1:2	-2.357456e-016
I11.M2:1	4.287034e-009
I11.M2:2	1.006092e-009
I11.M2:3	-3.776966e-012
I11.M2:4	-5.289349e-009
I11.M3:1	1.642621e-008
I11.M3:2	-3.883775e-008
I11.M3:3	1.643916e-008
I11.M3:4	5.972380e-009
I12.M0:1	-7.195493e-009
I12.M0:2	-2.528769e-009
I12.M0:3	3.131145e-012
I12.M0:4	9.721131e-009
I12.M1:1	-1.075953e-008
I12.M1:2	2.516111e-008
I12.M1:3	-1.078286e-008
I12.M1:4	-3.618724e-009
I12.M2:1	-1.075953e-008
I12.M2:2	2.516111e-008
I12.M2:3	-1.078286e-008
I12.M2:4	-3.618724e-009
I12.M3:1	3.131145e-012
I12.M3:2	-2.528769e-009
I12.M3:3	-7.195493e-009
I12.M3:4	9.721131e-009
I13.M2:1	4.287034e-009
I13.M2:2	1.006092e-009
I13.M2:3	-3.776966e-012
I13.M2:4	-5.289349e-009
I13.M3:1	1.642621e-008
I13.M3:2	-3.883775e-008
I13.M3:3	1.643916e-008
I13.M3:4	5.972380e-009
I3.M0:1	-7.194467e-009
I3.M0:2	-2.097584e-009
I3.M0:3	-1.974105e-009
I3.M0:4	1.126616e-008
I3.M1:1	-1.977125e-009
I3.M1:2	-4.054871e-009
I3.M1:3	9.156232e-013
I3.M1:4	6.031081e-009
I3.M2:1	-1.977125e-009
I3.M2:2	-4.054871e-009
I3.M2:3	9.156232e-013
I3.M2:4	6.031081e-009
I3.M3:1	-1.076639e-008
I3.M3:2	2.516111e-008
I3.M3:3	-1.077600e-008
I3.M3:4	-3.618724e-009
I3.M4:1	-7.194467e-009
I3.M4:2	-2.097584e-009
I3.M4:3	-1.974105e-009
I3.M4:4	1.126616e-008
I3.M5:1	-1.076639e-008
I3.M5:2	2.516111e-008
I3.M5:3	-1.077600e-008
I3.M5:4	-3.618724e-009
I3.M6:1	-1.076639e-008
I3.M6:2	2.516111e-008
I3.M6:3	-1.077600e-008
I3.M6:4	-3.618724e-009
I3.M7:1	-1.076639e-008
I3.M7:2	2.516111e-008
I3.M7:3	-1.077600e-008
I3.M7:4	-3.618724e-009
I8.M0:1	-7.195493e-009
I8.M0:2	-2.528769e-009
I8.M0:3	3.131145e-012
I8.M0:4	9.721131e-009
I8.M1:1	-1.075953e-008
I8.M1:2	2.516111e-008
I8.M1:3	-1.078286e-008
I8.M1:4	-3.618724e-009
I8.M2:1	-1.075953e-008
I8.M2:2	2.516111e-008
I8.M2:3	-1.078286e-008
I8.M2:4	-3.618724e-009
I8.M3:1	3.131145e-012
I8.M3:2	-2.528769e-009
I8.M3:3	-7.195493e-009
I8.M3:4	9.721131e-009
I9.M0:1	-1.076879e-008
I9.M0:2	2.516111e-008
I9.M0:3	-1.077360e-008
I9.M0:4	-3.618724e-009
I9.M1:1	-1.076879e-008
I9.M1:2	2.516111e-008
I9.M1:3	-1.077360e-008
I9.M1:4	-3.618724e-009
I9.M2:1	-7.194467e-009
I9.M2:2	-2.097584e-009
I9.M2:3	-1.974104e-009
I9.M2:4	1.126616e-008
I9.M3:1	-1.977125e-009
I9.M3:2	-4.054871e-009
I9.M3:3	9.156362e-013
I9.M3:4	6.031081e-009
V0:1	-5.069801e-011
V0:2	5.069801e-011
V1:1	0.000000e+000
V1:2	-0.000000e+000
V2:1	0.000000e+000
V2:2	-0.000000e+000
V3:1	0.000000e+000
V3:2	-0.000000e+000
V4:1	0.000000e+000
V4:2	-0.000000e+000
