1
#NodeInfo:
vdd!	0.000000e+000
vss!	0.000000e+000
nQ	0.000000e+000
n9_2	0.000000e+000
Q	0.000000e+000
WE	0.000000e+000
IN	0.000000e+000
#PinInfo:
I2.M2:1	-2.077371e-017
I2.M2:2	2.707092e-009
I2.M2:3	-2.077371e-017
I2.M2:4	-2.707092e-009
I2.M3:1	2.010694e-017
I2.M3:2	-4.485988e-009
I2.M3:3	2.010694e-017
I2.M3:4	4.485988e-009
M0:1	-1.338871e-004
M0:2	8.746285e+002
M0:3	-1.338871e-004
M0:4	-8.746282e+002
M1:1	-1.338871e-004
M1:2	8.746285e+002
M1:3	-1.338871e-004
M1:4	-8.746282e+002
M2:1	-1.338871e-004
M2:2	8.746285e+002
M2:3	-1.338871e-004
M2:4	-8.746282e+002
M3:1	-1.338871e-004
M3:2	8.746285e+002
M3:3	-1.338871e-004
M3:4	-8.746282e+002
M4:1	5.104394e-005
M4:2	-1.302017e+002
M4:3	5.104394e-005
M4:4	1.302016e+002
M5:1	5.104394e-005
M5:2	-1.302017e+002
M5:3	5.104394e-005
M5:4	1.302016e+002
