1
#NodeInfo:
n1_2	5.000000e+000
n6_2	7.429025e-002
in	6.340000e-001
out	2.592466e+000
Q0:5	2.589577e+000
Q0:6	6.331611e-001
V0:3	-9.630136e-004
V1:3	-4.090869e-005
#PinInfo:
Q0:1	9.630136e-004
Q0:2	4.090869e-005
Q0:3	-1.037711e-003
Q0:4	0.000000e+000
R0:1	-9.630136e-004
R0:2	9.630136e-004
R0:3	0.000000e+000
R1:1	1.003922e-003
R1:2	-1.003922e-003
R1:3	0.000000e+000
V0:1	-9.630136e-004
V0:2	9.630136e-004
V1:1	-4.090869e-005
V1:2	4.090869e-005
