1
#NodeInfo:
n1_2	0.000000e+000
WE	3.000000e+000
DATA	3.000000e+000
vdd!	5.000000e+000
nQ	5.037971e-009
Q	5.000000e+000
V0:3	-2.725792e-011
V1:3	4.922167e-012
V2:3	0.000000e+000
V3:3	5.324715e-012
#PinInfo:
C0:1	5.000000e-007
C0:2	-5.000000e-007
C1:1	5.037971e-016
C1:2	-5.037971e-016
I0.I0.M2:1	-2.165112e-008
I0.I0.M2:2	4.693163e-008
I0.I0.M2:3	-2.166165e-008
I0.I0.M2:4	-3.618862e-009
I0.I0.M3:1	-1.185612e-008
I0.I0.M3:2	-8.615082e-010
I0.I0.M3:3	5.585773e-012
I0.I0.M3:4	1.271205e-008
I0.I2.M2:1	7.244271e-009
I0.I2.M2:2	-4.429078e-010
I0.I2.M2:3	-6.748667e-012
I0.I2.M2:4	-6.794614e-009
I0.I2.M3:1	3.318118e-008
I0.I2.M3:2	-7.236823e-008
I0.I2.M3:3	3.321453e-008
I0.I2.M3:4	5.972519e-009
I0.M0:1	3.309042e-009
I0.M0:2	1.447092e-009
I0.M0:3	-2.921973e-012
I0.M0:4	-4.753212e-009
I0.M1:1	-1.218568e-008
I0.M1:2	2.800075e-008
I0.M1:3	-1.219633e-008
I0.M1:4	-3.618742e-009
V0:1	-2.725792e-011
V0:2	2.725792e-011
V1:1	4.922167e-012
V1:2	-4.922167e-012
V2:1	0.000000e+000
V2:2	-0.000000e+000
V3:1	5.324715e-012
V3:2	-5.324715e-012
